lambda = 32.8853990863
h = 8.5
mu_1 = 164.788732394
mu_2 = 71.6894977169
phi = 16.4788732394
1 / kappa_2 = 0.0111111656026
1 / kappa_1 = 0.00697452229299
P- = 0.0284334828797
khi1 + khi2 = 9.55855737901
