lambda = 0.822134977157
h = 2.00021741773
mu_1 = 10.0
mu_2 = 1.0
phi = 0.990295107942
1 / kappa_2 = 111.111656026
1 / kappa_1 = 3.33334968077, 0.0275483444692, 0.00755861605617
P- = 0.0126509791965, 9.64562264857e-05, 3.07400046771e-05
1 / kappa_2 = 111.111656026
1 / kappa_1 = 3.33334968077, 0.0275483444692, 0.00755861605617
P- = 0.0300086681346, 0.00199938764592, 0.00076609058412
